4 0.640234 0.217188 0.111719 0.161458
1 0.499609 0.498958 0.105469 0.154167
1 0.687500 0.804688 0.096875 0.144792
1 0.296875 0.872396 0.087500 0.153125
0 0.741406 0.106250 0.143750 0.212500
8 0.038672 0.801042 0.041406 0.095833
1 0.099219 0.782813 0.067187 0.121875
7 0.032422 0.733333 0.014844 0.012500
10 0.297266 0.126562 0.124219 0.221875
1 0.608594 0.409896 0.095312 0.136458
10 0.205469 0.106250 0.121875 0.212500
2 0.412891 0.141146 0.142969 0.167708
2 0.540625 0.260937 0.195312 0.259375
2 0.085156 0.925521 0.170313 0.146875
4 0.679297 0.172396 0.103906 0.146875
0 0.080859 0.088542 0.161719 0.177083