0 0.571875 0.289583 0.118750 0.143750
3 0.193750 0.668229 0.053125 0.092708
1 0.894141 0.383333 0.046094 0.102083
1 0.703125 0.455729 0.043750 0.092708
3 0.887891 0.936458 0.061719 0.072917
5 0.793359 0.831771 0.008594 0.009375
6 0.356641 0.123958 0.010156 0.012500
7 0.847656 0.977083 0.010937 0.010417
3 0.457422 0.356771 0.022656 0.032292
0 0.787500 0.048958 0.179688 0.097917
7 0.669922 0.922396 0.008594 0.011458
6 0.731250 0.926562 0.009375 0.015625
2 0.791797 0.272917 0.114844 0.135417
0 0.827344 0.669271 0.121875 0.171875
0 0.099219 0.601042 0.198437 0.239583
1 0.912891 0.528125 0.042969 0.097917
2 0.492188 0.019271 0.054688 0.038542
2 0.814063 0.989062 0.153125 0.019792
1 0.499609 0.504167 0.047656 0.087500
3 0.867969 0.273958 0.048438 0.037500
0 0.254297 0.840104 0.186719 0.296875
1 0.923047 0.426563 0.039844 0.082292
4 0.913281 0.185417 0.068750 0.091667
4 0.009375 0.639583 0.018750 0.064583
3 0.074219 0.800000 0.067187 0.066667
0 0.952734 0.291667 0.092969 0.131250
2 0.026172 0.264583 0.052344 0.141667
2 0.580078 0.646875 0.142969 0.185417
0 0.345703 0.241667 0.133594 0.170833
2 0.272266 0.095312 0.121094 0.146875