0 0.719141 0.013542 0.085156 0.027083
4 0.475391 0.693750 0.125781 0.166667
1 0.606641 0.478125 0.097656 0.106250
1 0.458594 0.328125 0.062500 0.072917
1 0.721484 0.327083 0.071094 0.064583
0 0.950781 0.041146 0.079687 0.073958
4 0.778906 0.008854 0.032813 0.017708
0 0.331250 0.802083 0.215625 0.279167
2 0.938672 0.004687 0.055469 0.009375
0 0.975781 0.183333 0.046875 0.087500
8 0.917578 0.373958 0.046094 0.047917
1 0.906641 0.382292 0.007031 0.010417
5 0.984375 0.419271 0.007812 0.009375
7 0.940625 0.403125 0.009375 0.016667
1 0.719141 0.186979 0.052344 0.046875
2 0.184375 0.026562 0.107813 0.053125
10 0.901953 0.793229 0.157031 0.271875
0 0.964453 0.123958 0.069531 0.072917
7 0.940625 0.354167 0.009375 0.012500
1 0.507812 0.527083 0.082812 0.087500
10 0.971094 0.808854 0.056250 0.257292
2 0.748047 0.765625 0.172656 0.214583
4 0.414453 0.996875 0.014844 0.004167
2 0.753125 0.039062 0.081250 0.065625
2 0.586328 0.636979 0.210156 0.240625
0 0.783203 0.148438 0.092969 0.092708
2 0.853906 0.271354 0.207813 0.163542
4 0.431641 0.737500 0.103906 0.162500
0 0.445703 0.006250 0.053906 0.012500