8 0.730469 0.828646 0.029687 0.038542
11 0.981641 0.851042 0.030469 0.035417
0 0.927344 0.175000 0.132812 0.095833
6 0.905078 0.792708 0.016406 0.020833
4 0.040234 0.602604 0.078906 0.115625
1 0.257812 0.540104 0.054688 0.092708
8 0.991016 0.779687 0.016406 0.042708
1 0.302344 0.364583 0.037500 0.068750
1 0.489844 0.496875 0.034375 0.075000
4 0.990625 0.207813 0.017188 0.048958
0 0.005078 0.576562 0.010156 0.038542
9 0.947266 0.031250 0.042969 0.037500
0 0.959375 0.569271 0.079687 0.178125
3 0.976953 0.716667 0.044531 0.085417
8 0.619922 0.661979 0.036719 0.059375
8 0.769141 0.602083 0.028906 0.037500
1 0.575781 0.633854 0.032813 0.076042
5 0.632422 0.755208 0.008594 0.016667
7 0.607812 0.707812 0.007812 0.015625
1 0.667969 0.375000 0.031250 0.062500
2 0.389062 0.028646 0.114062 0.057292
10 0.139063 0.877604 0.175000 0.198958
2 0.330859 0.002604 0.003906 0.005208
8 0.944531 0.874479 0.068750 0.088542
0 0.995703 0.478125 0.007031 0.029167
1 0.168750 0.520833 0.054688 0.077083
10 0.182812 0.931250 0.195312 0.135417
2 0.094922 0.772917 0.135156 0.181250
2 0.903125 0.242188 0.100000 0.107292
2 0.113281 0.629167 0.170313 0.164583
9 0.705859 0.054167 0.046094 0.050000
2 0.985156 0.035417 0.028125 0.060417
0 0.775391 0.369792 0.150781 0.137500
2 0.664062 0.535417 0.203125 0.241667
4 0.020703 0.602604 0.041406 0.105208
0 0.949219 0.109375 0.100000 0.135417
6 0.771094 0.736458 0.003125 0.004167
0 0.651563 0.048438 0.120313 0.096875