0 0.794141 0.065104 0.061719 0.038542
0 0.356250 0.411458 0.096875 0.154167
0 0.269922 0.171354 0.072656 0.059375
4 0.657422 0.230729 0.017969 0.051042
4 0.555859 0.007812 0.008594 0.015625
0 0.018750 0.014063 0.037500 0.028125
3 0.623828 0.780729 0.071094 0.067708
1 0.759766 0.278646 0.019531 0.030208
4 0.777734 0.034896 0.024219 0.013542
2 0.658594 0.002083 0.020313 0.004167
1 0.464453 0.282292 0.061719 0.037500
2 0.929297 0.006250 0.013281 0.008333
1 0.489453 0.376563 0.058594 0.040625
4 0.505469 0.009896 0.032813 0.019792
2 0.646484 0.173958 0.046094 0.052083
2 0.722266 0.069792 0.064844 0.043750
4 0.064453 0.035937 0.021094 0.026042
0 0.978906 0.012500 0.040625 0.025000
3 0.743750 0.334375 0.035937 0.037500
5 0.699219 0.366667 0.004687 0.006250
4 0.570703 0.006771 0.003906 0.005208
6 0.111328 0.614583 0.008594 0.008333
7 0.764453 0.356250 0.005469 0.010417
8 0.876563 0.651563 0.039062 0.038542
3 0.383203 0.523438 0.021094 0.042708
0 0.198047 0.271875 0.114844 0.133333
7 0.754687 0.432292 0.006250 0.010417
0 0.522266 0.114062 0.058594 0.051042
6 0.750781 0.403125 0.009375 0.012500
2 0.711719 0.013542 0.045312 0.016667
2 0.735547 0.138021 0.052344 0.042708
9 0.282813 0.060417 0.003125 0.004167
0 0.153516 0.023438 0.032031 0.030208
2 0.384375 0.305729 0.070312 0.080208
10 0.915625 0.010937 0.067187 0.021875
0 0.712500 0.030208 0.059375 0.037500
0 0.619922 0.335938 0.085156 0.080208
4 0.623047 0.004687 0.028906 0.009375
0 0.569922 0.873958 0.224219 0.250000
9 0.022656 0.091667 0.018750 0.022917
9 0.865234 0.022396 0.028906 0.017708
0 0.835547 0.129167 0.078906 0.052083
2 0.204687 0.021875 0.031250 0.039583
0 0.527734 0.029167 0.060156 0.058333
0 0.926953 0.586458 0.144531 0.237500
4 0.426172 0.018229 0.019531 0.021875
1 0.544141 0.290104 0.052344 0.032292
0 0.711328 0.078125 0.069531 0.039583
0 0.613672 0.091146 0.057031 0.036458
4 0.669531 0.001563 0.003125 0.003125
2 0.872656 0.055729 0.032813 0.040625
2 0.767969 0.018229 0.059375 0.036458
0 0.615625 0.229687 0.068750 0.059375
2 0.039453 0.464062 0.078906 0.126042
9 0.219922 0.050000 0.007031 0.010417
9 0.642578 0.004167 0.013281 0.008333
2 0.813281 0.362500 0.089063 0.095833
1 0.505078 0.503125 0.063281 0.047917
3 0.396094 0.268229 0.015625 0.005208
2 0.848437 0.288542 0.070312 0.068750
9 0.826172 0.052083 0.003906 0.010417
0 0.754687 0.709375 0.212500 0.204167
9 0.586328 0.007292 0.013281 0.014583
4 0.410547 0.026562 0.024219 0.023958
2 0.275000 0.014583 0.050000 0.029167
0 0.426563 0.006771 0.012500 0.013542
1 0.492969 0.275000 0.040625 0.033333
4 0.355078 0.252604 0.042969 0.040625
4 0.123047 0.031771 0.028906 0.032292
2 0.987109 0.177604 0.024219 0.051042
2 0.137500 0.044271 0.023438 0.013542
3 0.099609 0.335938 0.044531 0.034375
0 0.989453 0.075000 0.019531 0.037500
10 0.025781 0.062500 0.028125 0.031250
2 0.044141 0.337500 0.075781 0.093750
3 0.748047 0.927083 0.066406 0.093750
10 0.353516 0.020833 0.014844 0.018750
10 0.530469 0.005729 0.043750 0.011458
4 0.439063 0.091667 0.007812 0.018750
2 0.951172 0.199479 0.078906 0.065625
7 0.492188 0.969792 0.003125 0.004167
0 0.632812 0.030208 0.059375 0.058333
0 0.845703 0.223438 0.080469 0.063542
0 0.420703 0.236979 0.082031 0.078125
4 0.101562 0.029687 0.017188 0.026042
2 0.082812 0.197917 0.134375 0.108333
0 0.910547 0.110937 0.082031 0.046875
10 0.709766 0.003646 0.021094 0.007292
4 0.138281 0.180208 0.017188 0.039583
0 0.174219 0.059896 0.096875 0.071875
2 0.868750 0.009896 0.034375 0.019792
0 0.002734 0.082292 0.005469 0.027083
2 0.606641 0.452604 0.107031 0.132292
0 0.404297 0.137500 0.078906 0.058333
2 0.423438 0.056771 0.053125 0.038542
2 0.598047 0.004687 0.019531 0.009375
0 0.240625 0.615625 0.156250 0.152083
2 0.825391 0.011979 0.060156 0.023958
2 0.048438 0.693750 0.096875 0.187500