7 0.805078 0.790104 0.008594 0.011458
8 0.621484 0.472396 0.016406 0.019792
8 0.813672 0.795312 0.021094 0.028125
11 0.664453 0.366146 0.019531 0.011458
0 0.317578 0.115625 0.078906 0.066667
9 0.901953 0.250521 0.038281 0.032292
6 0.630859 0.382292 0.007031 0.008333
4 0.689844 0.141146 0.039062 0.042708
4 0.314453 0.905729 0.089844 0.098958
1 0.351562 0.697917 0.070312 0.066667
3 0.849609 0.300521 0.030469 0.053125
8 0.641797 0.335938 0.017969 0.023958
10 0.786328 0.267708 0.119531 0.100000
1 0.217578 0.615625 0.057031 0.050000
1 0.395703 0.511979 0.053906 0.046875
0 0.495703 0.100521 0.071094 0.071875
4 0.369531 0.098958 0.034375 0.035417
0 0.257031 0.963542 0.098437 0.070833
9 0.218359 0.015625 0.024219 0.031250
2 0.483984 0.043750 0.049219 0.058333
0 0.558984 0.268229 0.080469 0.086458
11 0.765625 0.732292 0.004687 0.008333
2 0.804297 0.694271 0.085156 0.132292
3 0.608984 0.305208 0.011719 0.014583
8 0.524219 0.485417 0.029687 0.035417
2 0.949609 0.117188 0.075781 0.055208
7 0.708594 0.686979 0.006250 0.011458
8 0.530859 0.386458 0.016406 0.020833
1 0.500391 0.502083 0.042969 0.039583
0 0.963281 0.010937 0.029687 0.021875
5 0.568750 0.505208 0.004687 0.010417
2 0.752734 0.095833 0.058594 0.060417
7 0.542188 0.506250 0.004687 0.010417
2 0.942969 0.241667 0.067187 0.068750
2 0.883594 0.737500 0.092188 0.131250
8 0.708203 0.661979 0.036719 0.042708
2 0.639062 0.048958 0.064062 0.052083
7 0.745703 0.661458 0.007031 0.010417
7 0.699609 0.674479 0.005469 0.007292
10 0.551562 0.834896 0.082812 0.155208
13 0.769922 0.739583 0.007031 0.010417
8 0.667578 0.386979 0.028906 0.040625
0 0.535547 0.207292 0.075781 0.079167
7 0.536328 0.460417 0.005469 0.008333
1 0.302734 0.777083 0.069531 0.062500
12 0.730078 0.695312 0.041406 0.036458
2 0.874219 0.058854 0.068750 0.067708
10 0.608984 0.815625 0.088281 0.152083
2 0.473438 0.865104 0.100000 0.130208
2 0.890625 0.981771 0.084375 0.034375
2 0.356250 0.163021 0.068750 0.076042
2 0.367188 0.831771 0.126562 0.171875
9 0.118359 0.142187 0.016406 0.026042
8 0.830078 0.783854 0.033594 0.053125
0 0.852734 0.019271 0.083594 0.038542
2 0.258594 0.007812 0.048438 0.015625
0 0.398828 0.291667 0.082031 0.095833
2 0.468359 0.419271 0.146094 0.153125
4 0.295703 0.952604 0.080469 0.092708
0 0.297656 0.052604 0.095312 0.086458
4 0.730078 0.630729 0.050781 0.061458
3 0.983984 0.140104 0.024219 0.021875
5 0.792188 0.777083 0.007812 0.010417
0 0.978125 0.184375 0.042188 0.077083
4 0.817578 0.636458 0.058594 0.039583
0 0.082812 0.176563 0.110937 0.121875
5 0.686719 0.660937 0.004687 0.007292
4 0.912500 0.936458 0.089063 0.125000
0 0.711719 0.778646 0.142187 0.144792