8 0.596484 0.265625 0.024219 0.047917
11 0.438672 0.128646 0.019531 0.034375
6 0.426172 0.172396 0.017969 0.021875
10 0.418750 0.001042 0.003125 0.002083
1 0.301563 0.842187 0.257812 0.221875
0 0.109766 0.119271 0.219531 0.167708
3 0.301172 0.123958 0.092969 0.072917
8 0.494141 0.440104 0.097656 0.057292
1 0.507812 0.511458 0.131250 0.108333
5 0.597656 0.388542 0.012500 0.029167
7 0.566406 0.437500 0.014063 0.031250
8 0.473047 0.131771 0.044531 0.053125
0 0.030078 0.061979 0.060156 0.069792
7 0.449219 0.381771 0.014063 0.021875
2 0.210938 0.444792 0.421875 0.379167
4 0.976562 0.292708 0.045312 0.093750