0 0.238672 0.366146 0.171094 0.261458
0 0.110156 0.044792 0.104688 0.083333
4 0.680078 0.105729 0.011719 0.036458
1 0.801953 0.153125 0.075781 0.031250
1 0.407031 0.169792 0.090625 0.056250
1 0.460156 0.300000 0.090625 0.062500
2 0.639844 0.027604 0.068750 0.055208
3 0.826562 0.220312 0.057813 0.053125
5 0.773828 0.267188 0.007031 0.007292
7 0.862500 0.249479 0.009375 0.015625
3 0.297266 0.559896 0.038281 0.078125
0 0.040625 0.164583 0.081250 0.200000
7 0.882812 0.358333 0.009375 0.014583
6 0.863281 0.315625 0.015625 0.018750
2 0.271875 0.212500 0.082812 0.122917
0 0.653516 0.230729 0.130469 0.109375
0 0.884766 0.003125 0.011719 0.006250
1 0.525391 0.171354 0.077344 0.040625
0 0.612109 0.096875 0.088281 0.085417
2 0.932813 0.254167 0.132812 0.139583
1 0.508203 0.503125 0.110156 0.081250
2 0.949609 0.147917 0.099219 0.081250
0 0.925000 0.861458 0.148438 0.275000
1 0.451172 0.159375 0.053906 0.050000
4 0.242188 0.138021 0.065625 0.048958
0 0.902734 0.075521 0.097656 0.080208
0 0.335547 0.116146 0.121094 0.105208
2 0.679297 0.407813 0.189844 0.207292
0 0.295703 0.021354 0.105469 0.042708
0 0.085938 0.766667 0.171875 0.312500