8 0.898828 0.309375 0.024219 0.022917
11 0.987109 0.173437 0.024219 0.011458
6 0.937500 0.180729 0.010937 0.009375
4 0.414453 0.747396 0.102344 0.140625
1 0.500391 0.500521 0.083594 0.101042
8 0.966406 0.119792 0.025000 0.031250
1 0.356250 0.344271 0.062500 0.063542
1 0.593750 0.270313 0.064062 0.076042
0 0.327734 0.871354 0.127344 0.198958
0 0.876172 0.022917 0.099219 0.045833
3 0.931641 0.073958 0.021094 0.047917
8 0.764844 0.284896 0.037500 0.051042
7 0.957812 0.647917 0.010937 0.012500
8 0.802344 0.150000 0.010937 0.027083
1 0.730469 0.298958 0.053125 0.064583
5 0.818750 0.332813 0.009375 0.013542
7 0.782422 0.322917 0.008594 0.012500
8 0.965625 0.613542 0.046875 0.066667
1 0.593359 0.027604 0.049219 0.030208
7 0.949219 0.627604 0.007812 0.009375
10 0.716406 0.770833 0.092188 0.177083
8 0.983984 0.204687 0.030469 0.057292
7 0.787109 0.255729 0.008594 0.011458
1 0.426563 0.581250 0.076563 0.100000
12 0.977734 0.677083 0.042969 0.064583
10 0.798438 0.773438 0.096875 0.176042
2 0.614062 0.773438 0.114062 0.128125
2 0.492578 0.683333 0.160156 0.216667
0 0.653906 0.015104 0.089063 0.030208
2 0.714844 0.166667 0.192188 0.212500
4 0.382812 0.797396 0.093750 0.130208
4 0.984766 0.580208 0.028906 0.077083
5 0.936328 0.602604 0.007031 0.007292
0 0.923438 0.771354 0.151562 0.146875