0 0.488672 0.244792 0.075781 0.120833
0 0.939844 0.659375 0.118750 0.189583
4 0.262891 0.766146 0.042969 0.119792
3 0.240625 0.130729 0.040625 0.038542
1 0.128906 0.695312 0.076563 0.042708
1 0.503516 0.502083 0.077344 0.037500
1 0.413281 0.370833 0.059375 0.037500
2 0.310937 0.972396 0.106250 0.053125
3 0.140625 0.547396 0.034375 0.048958
5 0.199219 0.477604 0.006250 0.009375
6 0.557031 0.116146 0.006250 0.007292
7 0.122656 0.529167 0.007812 0.012500
8 0.083984 0.238542 0.022656 0.025000
3 0.430469 0.205208 0.015625 0.027083
0 0.768359 0.346875 0.175781 0.193750
7 0.145703 0.404687 0.005469 0.007292
2 0.618359 0.002083 0.007031 0.004167
6 0.146094 0.443750 0.009375 0.010417
0 0.831641 0.054688 0.088281 0.082292
2 0.558203 0.400521 0.097656 0.126042
3 0.938672 0.142187 0.022656 0.026042
0 0.289844 0.468229 0.100000 0.113542
0 0.258594 0.073958 0.106250 0.112500
8 0.739844 0.057292 0.035937 0.031250
2 0.987891 0.179167 0.022656 0.056250
0 0.044141 0.263021 0.088281 0.167708
1 0.392188 0.541146 0.043750 0.038542
0 0.330078 0.723437 0.111719 0.157292
2 0.696094 0.148958 0.087500 0.093750
0 0.742969 0.012500 0.076563 0.025000
2 0.068750 0.496875 0.101562 0.143750
1 0.350781 0.252083 0.050000 0.033333
3 0.581641 0.467187 0.035156 0.057292
2 0.017578 0.689583 0.035156 0.116667
0 0.165234 0.177604 0.125781 0.115625
1 0.464062 0.539583 0.029687 0.041667
4 0.672656 0.500000 0.082812 0.081250
4 0.225391 0.030208 0.028906 0.020833
8 0.343750 0.008854 0.018750 0.017708
3 0.794141 0.266667 0.025781 0.031250
2 0.821875 0.238021 0.092188 0.096875
3 0.178125 0.101042 0.029687 0.027083
0 0.003125 0.916146 0.006250 0.080208
0 0.609375 0.579167 0.145313 0.193750
2 0.989844 0.435417 0.018750 0.060417
2 0.914844 0.111979 0.084375 0.084375
2 0.398438 0.009896 0.062500 0.019792
2 0.789844 0.036458 0.075000 0.072917
2 0.277734 0.307812 0.099219 0.128125
0 0.866797 0.891146 0.194531 0.215625
0 0.477344 0.127604 0.095312 0.090625
2 0.550391 0.063021 0.080469 0.082292