8 0.393359 0.227083 0.010156 0.020833
11 0.310937 0.169271 0.009375 0.019792
9 0.335156 0.018229 0.032813 0.023958
6 0.307812 0.193750 0.009375 0.012500
4 0.091797 0.066146 0.007031 0.046875
4 0.704688 0.606250 0.109375 0.108333
1 0.499219 0.505208 0.089063 0.089583
3 0.376172 0.052083 0.013281 0.014583
8 0.260937 0.163021 0.003125 0.005208
10 0.280078 0.066146 0.097656 0.073958
1 0.310547 0.631250 0.094531 0.083333
1 0.305469 0.402083 0.075000 0.056250
0 0.827344 0.691146 0.179688 0.171875
0 0.131250 0.186458 0.112500 0.077083
2 0.645703 0.188542 0.088281 0.077083
2 0.748828 0.025000 0.060156 0.050000
3 0.238672 0.175521 0.049219 0.034375
8 0.358203 0.297396 0.028906 0.019792
7 0.607031 0.253125 0.006250 0.012500
0 0.961719 0.105208 0.075000 0.135417
1 0.358203 0.320833 0.053906 0.041667
5 0.394922 0.277604 0.005469 0.013542
2 0.094922 0.019792 0.028906 0.039583
7 0.382031 0.296354 0.006250 0.013542
2 0.977344 0.004167 0.040625 0.008333
2 0.342187 0.004687 0.021875 0.009375
10 0.992578 0.592187 0.013281 0.053125
2 0.694922 0.166146 0.088281 0.071875
4 0.894141 0.318229 0.096094 0.059375
8 0.589063 0.242708 0.037500 0.020833
1 0.074219 0.367708 0.076563 0.062500
7 0.598437 0.225521 0.006250 0.011458
3 0.984375 0.025521 0.029687 0.017708
7 0.596484 0.252083 0.005469 0.006250
10 0.700000 0.369792 0.110937 0.095833
8 0.328516 0.171875 0.021094 0.029167
0 0.051172 0.171875 0.102344 0.081250
1 0.564844 0.582812 0.087500 0.082292
12 0.630859 0.240104 0.042969 0.036458
10 0.696094 0.321354 0.104688 0.080208
2 0.709375 0.442708 0.087500 0.127083
2 0.891797 0.252604 0.107031 0.101042
4 0.947266 0.434896 0.103906 0.086458
4 0.973828 0.365625 0.050781 0.072917
4 0.953906 0.668750 0.090625 0.145833
2 0.655078 0.520833 0.161719 0.179167
10 0.896094 0.019271 0.054688 0.038542
4 0.887109 0.177604 0.067969 0.057292
4 0.998047 0.012500 0.002344 0.010417
0 0.050391 0.313021 0.100781 0.094792
2 0.246875 0.303646 0.151562 0.142708
4 0.744531 0.640625 0.092188 0.108333
2 0.812109 0.137500 0.066406 0.079167
4 0.573828 0.219271 0.036719 0.036458
0 0.837891 0.019792 0.069531 0.039583
4 0.594141 0.186979 0.019531 0.034375
5 0.581250 0.254167 0.003125 0.004167
4 0.812500 0.219792 0.068750 0.068750
4 0.910547 0.364063 0.103906 0.069792
0 0.689844 0.239063 0.089063 0.101042